Total
2698718
0
15484
1
16429
2
18091
3
19573
4
20172
5
20479
6
20581
7
21258
8
22188
9
22732
10
23339
11
24048
12
23835
13
23134
14
23018
15
22903
16
22711
17
22163
18
21907
19
22298
20
22259
21
21928
22
21863
23
21876
24
22074
25
22584
26
23710
27
24662
28
24833
29
25229
30
25973
31
26767
32
27577
33
28323
34
29522
35
31353
36
33215
37
35099
38
37400
39
39806
40
41697
41
43670
42
45227
43
46037
44
46210
45
45524
46
44370
47
43799
48
43502
49
42737
50
42631
51
42736
52
42418
53
41747
54
40921
55
40441
56
39736
57
39028
58
38939
59
39276
60
38971
61
38000
62
37263
63
36379
64
35073
65
34055
66
33689
67
33540
68
32161
69
31204
70
32224
71
33087
72
31463
73
30293
74
31186
75
30161
76
28642
77
26330
78
23690
79
23651
80
20909
81
17703
82
19083
83
21520
84
21915
85
20498
86
18997
87
17330
88
15000
89
12740
90
10970
91
9073
92
7331
93
5720
94
4470
95
3413
96
2585
97
1926
98
1312
99
886
100
1233